200.0 3.38893730088e-57
201.0 7.54677860153e-56
202.0 1.57105511595e-54
203.0 3.0620215825e-53
204.0 5.59564638401e-52
205.0 9.60150046011e-51
206.0 1.54910352887e-49
207.0 2.35323047033e-48
208.0 3.3702831307e-47
209.0 4.55666320845e-46
210.0 5.82307997541e-45
211.0 7.04233844477e-44
212.0 8.0697328324e-43
213.0 8.77175573716e-42
214.0 9.05510603854e-41
215.0 8.88715229318e-40
216.0 8.30165074948e-39
217.0 7.38853463626e-38
218.0 6.27180219313e-37
219.0 5.08281087137e-36
220.0 3.9365881972e-35
221.0 2.91646744288e-34
222.0 2.06881726484e-33
223.0 1.40641037859e-32
224.0 9.17095580168e-32
225.0 5.74127392418e-31
226.0 3.45352559634e-30
227.0 1.99773911505e-29
228.0 1.11221575762e-28
229.0 5.96427640207e-28
230.0 3.08305440478e-27
231.0 1.5374032181e-26
232.0 7.40113656637e-26
233.0 3.44212429616e-25
234.0 1.5476702448e-24
235.0 6.73214252422e-24
236.0 2.83493785399e-23
237.0 1.15647134718e-22
238.0 4.57305608239e-22
239.0 1.75400725615e-21
240.0 6.52944357337e-21
241.0 2.36048691505e-20
242.0 8.29206130697e-20
243.0 2.83209636613e-19
244.0 9.40982891933e-19
245.0 3.04313865299e-18
246.0 9.58431117028e-18
247.0 2.94121587858e-17
248.0 8.79918355239e-17
249.0 2.56758643039e-16
250.0 7.31118782277e-16
251.0 2.0325408081e-15
252.0 5.51928484729e-15
253.0 1.4645959993e-14
254.0 3.79961285658e-14
255.0 9.64135488842e-14
256.0 2.39387037732e-13
257.0 5.81848124577e-13
258.0 1.38498087854e-12
259.0 3.22981690663e-12
260.0 7.38215466798e-12
261.0 1.65434836391e-11
262.0 3.63641386457e-11
263.0 7.84300710189e-11
264.0 1.66039700308e-10
265.0 3.45155708448e-10
266.0 7.04762028861e-10
267.0 1.41397466981e-09
268.0 2.78841082275e-09
269.0 5.40666157317e-09
270.0 1.03109165888e-08
271.0 1.93462378783e-08
272.0 3.57239637222e-08
273.0 6.49406445051e-08
274.0 1.16250463269e-07
275.0 2.04983371227e-07
276.0 3.5613164415e-07
277.0 6.09803844808e-07
278.0 1.02937744662e-06
279.0 1.71347944633e-06
280.0 2.81329616374e-06
281.0 4.55716329463e-06
282.0 7.28491305772e-06
283.0 1.14950456507e-05
284.0 1.79084235451e-05
285.0 2.75528203696e-05
286.0 4.18732343976e-05
287.0 6.28733239713e-05
288.0 9.32935438842e-05
289.0 0.000136831447242
290.0 0.000198409045908
291.0 0.000284490972263
292.0 0.0004034553443
293.0 0.000566016619087
294.0 0.00078569628219
295.0 0.00107933297728
296.0 0.00146761871948
297.0 0.00197564233213
298.0 0.0026334154661
299.0 0.00347635085924
300.0 0.00454565730644
301.0 0.00588861163126
302.0 0.00755866529721
303.0 0.00961534267902
304.0 0.0121238898792
305.0 0.0151546376676
306.0 0.0187820498313
307.0 0.0230834389525
308.0 0.0281373451587
309.0 0.0340215892705
310.0 0.0408110293268
311.0 0.0485750678202
312.0 0.0573749750993
313.0 0.0672611111674
314.0 0.0782701423731
315.0 0.0904223601919
316.0 0.103719215477
317.0 0.118141182517
318.0 0.13364606256
319.0 0.150167825987
320.0 0.167616076417
321.0 0.185876199131
322.0 0.204810231388
323.0 0.224258464537
324.0 0.244041758743
325.0 0.263964522063
326.0 0.283818278083
327.0 0.303385721713
328.0 0.322445142286
329.0 0.340775077844
330.0 0.358159055132
331.0 0.37439026662
332.0 0.389276039076
333.0 0.402641957281
334.0 0.414335520985
335.0 0.424229232208
336.0 0.432223032463
337.0 0.43824603428
338.0 0.442257517252
339.0 0.444247184626
340.0 0.444234700982
341.0 0.442268553895
342.0 0.438424301833
343.0 0.432802286312
344.0 0.425524898124
345.0 0.41673349514
346.0 0.406585072813
347.0 0.395248788228
348.0 0.382902434858
349.0 0.369728958483
350.0 0.35591309559
351.0 0.341638204712
352.0 0.327083349007
353.0 0.31242067578
354.0 0.297813125855
355.0 0.283412493484
356.0 0.269357845993
357.0 0.25577430209
358.0 0.242772158777
359.0 0.230446349359
360.0 0.218876209135
361.0 0.208125520875
362.0 0.198242809298
363.0 0.189261852009
364.0 0.181202373906
365.0 0.17407089249
366.0 0.167861682792
367.0 0.162557832502
368.0 0.158132360158
369.0 0.1545493719
370.0 0.151765234948
371.0 0.149729748766
372.0 0.148387297536
373.0 0.147677970099
374.0 0.1475386359
375.0 0.147903967591
376.0 0.148707402887
377.0 0.149882039922
378.0 0.151361461864
379.0 0.153080487787
380.0 0.15497584792
381.0 0.15698678232
382.0 0.15905556287
383.0 0.161127939191
384.0 0.163153509721
385.0 0.165086019774
386.0 0.166883588933
387.0 0.168508870571
388.0 0.169929146795
389.0 0.171116362448
390.0 0.172047102229
391.0 0.172702515275
392.0 0.173068191877
393.0 0.173133997203
394.0 0.172893867105
395.0 0.172345571224
396.0 0.171490448641
397.0 0.170333121365
398.0 0.168881190857
399.0 0.167144922671
400.0 0.165136924122
401.0 0.162871819633
402.0 0.160365928109
403.0 0.157636946365
404.0 0.154703642246
405.0 0.151585560649
406.0 0.148302745259
407.0 0.144875478327
408.0 0.141324040402
409.0 0.137668491452
410.0 0.1339284744
411.0 0.130123041664
412.0 0.126270504923
413.0 0.122388307928
414.0 0.118492921902
415.0 0.114599762742
416.0 0.110723128998
417.0 0.106876159402
418.0 0.103070808536
419.0 0.0993178391074
420.0 0.0956268292044
421.0 0.0920061928528
422.0 0.0884632121666
423.0 0.0850040794019
424.0 0.0816339472546
425.0 0.0783569858052
426.0 0.0751764445906
427.0 0.0720947183824
428.0 0.0691134153576
429.0 0.0662334264661
430.0 0.0634549949237
431.0 0.060777784886
432.0 0.0582009484868
433.0 0.0557231905485
434.0 0.0533428303941
435.0 0.0510578603075
436.0 0.0488660002941
437.0 0.0467647488968
438.0 0.044751429913
439.0 0.042823234939
440.0 0.040977261743
441.0 0.0392105485274
442.0 0.037520104197
443.0 0.035902934791
444.0 0.034356066275
445.0 0.0328765639122
446.0 0.0314615484568
447.0 0.030108209422
448.0 0.0288138156832
449.0 0.0275757236792
450.0 0.0263913834685
451.0 0.0252583428941
452.0 0.0241742500971
453.0 0.0231368546089
454.0 0.0221440072365
455.0 0.0211936589388
456.0 0.0202838588772
457.0 0.0194127518043
458.0 0.0185785749389
459.0 0.0177796544585
460.0 0.0170144017231
461.0 0.0162813093303
462.0 0.0155789470843
463.0 0.0149059579521
464.0 0.0142610540617
465.0 0.0136430127922
466.0 0.0130506729898
467.0 0.012482931339
468.0 0.0119387389068
469.0 0.0114170978753
470.0 0.0109170584662
471.0 0.0104377160627
472.0 0.00997820852497
473.0 0.00953771369475
474.0 0.0091154470822
475.0 0.00871065972533
476.0 0.00832263621188
477.0 0.00795069285241
478.0 0.00759417599313
479.0 0.00725246045698
480.0 0.00692494810143
481.0 0.00661106648239
482.0 0.00631026761378
483.0 0.00602202681323
484.0 0.00574584162522
485.0 0.00548123081369
486.0 0.00522773341699
487.0 0.00498490785904
488.0 0.00475233111124
489.0 0.0045295979005
490.0 0.00431631995938
491.0 0.00411212531523
492.0 0.00391665761556
493.0 0.00372957548759
494.0 0.00355055193017
495.0 0.00337927373703
496.0 0.00321544095028
497.0 0.00305876634353
498.0 0.00290897493429
499.0 0.00276580352537
500.0 0.00262900027522
501.0 0.00249832429711
502.0 0.00237354528737
503.0 0.00225444318263
504.0 0.0021408078463
505.0 0.00203243878425
506.0 0.00192914488995
507.0 0.00183074421886
508.0 0.00173706379233
509.0 0.00164793943078
510.0 0.00156321561602
511.0 0.00148274538275
512.0 0.00140639023875
513.0 0.00133402011367
514.0 0.00126551333597
515.0 0.00120075663769
516.0 0.0011396451865
517.0 0.00108208264467
518.0 0.00102798125426
519.0 0.000977261948091
520.0 0.000929854485687
521.0 0.000885697613663
522.0 0.000844739249725
523.0 0.000806936689537
524.0 0.000772256835638
525.0 0.000740676447522
526.0 0.000712182411974
527.0 0.000686772032683
528.0 0.000664453338098
529.0 0.000645245406451
530.0 0.000629178706793
531.0 0.000616295454832
532.0 0.000606649982294
533.0 0.000600309118457
534.0 0.000597352582434
535.0 0.000597873384701
536.0 0.000601978236288
537.0 0.000609787963985
538.0 0.000621437929792
539.0 0.000637078452811
540.0 0.000656875231659
541.0 0.000681009765395
542.0 0.000709679770903
543.0 0.000743099594563
544.0 0.000781500615968
545.0 0.000825131641399
546.0 0.000874259284658
547.0 0.000929168332835
548.0 0.000990162094499
549.0 0.00105756272777
550.0 0.00113171154568
551.0 0.00121296929622
552.0 0.00130171641434
553.0 0.00139835324342
554.0 0.00150330022329
555.0 0.00161699804241
556.0 0.0017399077514
557.0 0.00187251083536
558.0 0.00201530924246
559.0 0.00216882536628
560.0 0.00233360197948
561.0 0.0025102021165
562.0 0.00269920890294
563.0 0.0029012253297
564.0 0.00311687396969
565.0 0.00334679663539
566.0 0.00359165397553
567.0 0.00385212500931
568.0 0.0041289065969
569.0 0.00442271284505
570.0 0.00473427444673
571.0 0.00506433795426
572.0 0.00541366498527
573.0 0.0057830313612
574.0 0.00617322617843
575.0 0.00658505081203
576.0 0.00701931785275
577.0 0.00747684997788
578.0 0.00795847875691
579.0 0.00846504339332
580.0 0.00899738940384
581.0 0.00955636723708
582.0 0.0101428308334
583.0 0.0107576361284
584.0 0.0114016395025
585.0 0.0120756961793
586.0 0.012780658576
587.0 0.0135173746089
588.0 0.0142866859573
589.0 0.0150894262897
590.0 0.0159264194569
591.0 0.0167984776543
592.0 0.0177063995598
593.0 0.0186509684499
594.0 0.0196329502997
595.0 0.0206530918719
596.0 0.0217121187977
597.0 0.0228107336568
598.0 0.0239496140609
599.0 0.025129410744
600.0 0.0263507456681
601.0 0.0276142101461
602.0 0.0289203629896
603.0 0.0302697286848
604.0 0.0316627956038
605.0 0.0331000142543
606.0 0.0345817955747
607.0 0.0361085092778
608.0 0.0376804822496
609.0 0.0392979970069
610.0 0.0409612902189
611.0 0.0426705512968
612.0 0.0444259210565
613.0 0.0462274904578
614.0 0.0480752994241
615.0 0.0499693357472
616.0 0.0519095340796
617.0 0.0538957750184
618.0 0.0559278842831
619.0 0.0580056319908
620.0 0.0601287320312
621.0 0.062296841543
622.0 0.0645095604942
623.0 0.0667664313683
624.0 0.0690669389568
625.0 0.0714105102599
626.0 0.0737965144963
627.0 0.0762242632212
628.0 0.078693010555
629.0 0.0812019535204
630.0 0.0837502324888
631.0 0.0863369317346
632.0 0.0889610800976
633.0 0.0916216517499
634.0 0.0943175670688
635.0 0.0970476936113
636.0 0.0998108471893
637.0 0.102605793043
638.0 0.105431247112
639.0 0.108285877392
640.0 0.111168305395
641.0 0.114077107678
642.0 0.117010817472
643.0 0.119967926379
644.0 0.122946886148
645.0 0.125946110528
646.0 0.128963977174
647.0 0.131998829636
648.0 0.135048979391
649.0 0.138112707934
650.0 0.141188268925
651.0 0.144273890369
652.0 0.147367776851
653.0 0.150468111791
654.0 0.153573059744
655.0 0.156680768716
656.0 0.159789372505
657.0 0.162896993062
658.0 0.166001742853
659.0 0.16910172724
660.0 0.172195046854
661.0 0.175279799974
662.0 0.17835408489
663.0 0.181416002259
664.0 0.184463657447
665.0 0.187495162843
666.0 0.190508640157
667.0 0.193502222681
668.0 0.196474057521
669.0 0.199422307794
670.0 0.202345154779
671.0 0.20524080003
672.0 0.208107467435
673.0 0.210943405233
674.0 0.213746887969
675.0 0.216516218393
676.0 0.219249729308
677.0 0.221945785346
678.0 0.224602784685
679.0 0.227219160698
680.0 0.229793383534
681.0 0.23232396163
682.0 0.234809443146
683.0 0.237248417335
684.0 0.23963951583
685.0 0.241981413859
686.0 0.244272831387
687.0 0.246512534171
688.0 0.248699334748
689.0 0.250832093337
690.0 0.252909718665
691.0 0.254931168717
692.0 0.256895451403
693.0 0.258801625147
694.0 0.260648799407
695.0 0.262436135104
696.0 0.264162844985
697.0 0.265828193905
698.0 0.267431499041
699.0 0.268972130021
700.0 0.270449508992
701.0 0.271863110613
702.0 0.273212461974
703.0 0.274497142454
704.0 0.275716783507
705.0 0.27687106839
706.0 0.277959731819
707.0 0.27898255957
708.0 0.279939388024
709.0 0.280830103644
710.0 0.281654642409
711.0 0.282412989186
712.0 0.283105177057
713.0 0.283731286595
714.0 0.284291445096
715.0 0.284785825758
716.0 0.285214646834
717.0 0.285578170731
718.0 0.285876703076
719.0 0.286110591753
720.0 0.286280225898
721.0 0.286386034871
722.0 0.286428487194
723.0 0.286408089468
724.0 0.286325385264
725.0 0.286180953991
726.0 0.28597540975
727.0 0.285709400165
728.0 0.285383605201
729.0 0.284998735971
730.0 0.284555533533
731.0 0.284054767673
732.0 0.283497235686
733.0 0.282883761148
734.0 0.282215192692
735.0 0.281492402775
736.0 0.280716286451
737.0 0.279887760141
738.0 0.279007760414
739.0 0.278077242765
740.0 0.277097180411
741.0 0.276068563082
742.0 0.274992395836
743.0 0.273869697873
744.0 0.27270150137
745.0 0.271488850328
746.0 0.27023279943
747.0 0.268934412919
748.0 0.267594763495
749.0 0.266214931223
750.0 0.26479600247
751.0 0.263339068851
752.0 0.261845226204
753.0 0.260315573585
754.0 0.258751212282
755.0 0.257153244855
756.0 0.255522774197
757.0 0.25386090262
758.0 0.25216873097
759.0 0.250447357754
760.0 0.24869787831
761.0 0.246921383985
762.0 0.245118961352
763.0 0.243291691445
764.0 0.241440649023
765.0 0.239566901863
766.0 0.23767151007
767.0 0.235755525426
768.0 0.233819990757
769.0 0.231865939327
770.0 0.22989439426
771.0 0.227906367988
772.0 0.225902861725
773.0 0.223884864968
774.0 0.221853355016
775.0 0.219809296527
776.0 0.21775364109
777.0 0.215687326826
778.0 0.213611278011
779.0 0.211526404727
780.0 0.209433602532
781.0 0.207333752158
782.0 0.205227719227
783.0 0.203116353995
784.0 0.201000491114
785.0 0.198880949414
786.0 0.196758531716
787.0 0.194634024651
788.0 0.192508198513
789.0 0.19038180712
790.0 0.188255587706
791.0 0.186130260821
792.0 0.184006530255
793.0 0.181885082979
794.0 0.179766589102
795.0 0.177651701845
796.0 0.17554105753
797.0 0.173435275588
798.0 0.171334958579
799.0 0.169240692224
800.0 0.167153045458
801.0 0.16507257049
802.0 0.16299980288
803.0 0.160935261623
804.0 0.158879449253
805.0 0.15683285195
806.0 0.154795939664
807.0 0.152769166243
808.0 0.150752969579
809.0 0.148747771757
810.0 0.146753979211
811.0 0.1447719829
812.0 0.142802158473
813.0 0.140844866464
814.0 0.138900452471
815.0 0.13696924736
816.0 0.135051567465
817.0 0.133147714796
818.0 0.131257977254
819.0 0.129382628848
820.0 0.127521929918
821.0 0.125676127362
822.0 0.123845454868
823.0 0.122030133144
824.0 0.120230370159
825.0 0.118446361379
826.0 0.116678290014
827.0 0.114926327252
828.0 0.113190632516
829.0 0.1114713537
830.0 0.109768627426
831.0 0.108082579284
832.0 0.106413324087
833.0 0.104760966117
834.0 0.103125599377
835.0 0.101507307837
836.0 0.0999061656833
837.0 0.0983222375682
838.0 0.0967555788544
839.0 0.0952062358622
840.0 0.0936742461136
841.0 0.0921596385753
842.0 0.0906624339002
843.0 0.0891826446666
844.0 0.0877202756163
845.0 0.0862753238894
846.0 0.0848477792583
847.0 0.0834376243576
848.0 0.0820448349131
849.0 0.0806693799672
850.0 0.0793112221016
851.0 0.0779703176579
852.0 0.0766466169543
853.0 0.0753400644999
854.0 0.0740505992061
855.0 0.0727781545939
856.0 0.0715226589988
857.0 0.0702840357723
858.0 0.06906220348
859.0 0.0678570760959
860.0 0.0666685631936
861.0 0.0654965701344
862.0 0.0643409982511
863.0 0.063201745029
864.0 0.0620787042826
865.0 0.0609717663296
866.0 0.0598808181604
867.0 0.0588057436049
868.0 0.0577464234948
869.0 0.0567027358231
870.0 0.0556745558994
871.0 0.054661756502
872.0 0.0536642080262
873.0 0.052681778629
874.0 0.0517143343704
875.0 0.0507617393511
876.0 0.0498238558466
877.0 0.048900544438
878.0 0.047991664139
879.0 0.0470970725198
880.0 0.0462166258274
881.0 0.0453501791028
882.0 0.0444975862941
883.0 0.0436587003673
884.0 0.0428333734134
885.0 0.0420214567518
886.0 0.0412228010315
887.0 0.0404372563281
888.0 0.0396646722386
889.0 0.0389048979727
890.0 0.0381577824408
891.0 0.0374231743401
892.0 0.0367009222362
893.0 0.0359908746436
894.0 0.0352928801017
895.0 0.0346067872496
896.0 0.0339324448968
897.0 0.0332697020922
898.0 0.03261840819
899.0 0.0319784129134
900.0 0.0313495664153
901.0 0.030731719337
902.0 0.0301247228642
903.0 0.0295284287808
904.0 0.0289426895203
905.0 0.0283673582152
906.0 0.0278022887436
907.0 0.0272473357745
908.0 0.02670235481
909.0 0.0261672022267
910.0 0.0256417353136
911.0 0.0251258123094
912.0 0.0246192924372
913.0 0.0241220359374
914.0 0.0236339040989
915.0 0.0231547592888
916.0 0.0226844649796
917.0 0.0222228857757
918.0 0.0217698874379
919.0 0.0213253369058
920.0 0.0208891023199
921.0 0.0204610530407
922.0 0.0200410596677
923.0 0.0196289940563
924.0 0.0192247293336
925.0 0.0188281399127
926.0 0.0184391015058
927.0 0.0180574911363
928.0 0.0176831871495
929.0 0.0173160692224
930.0 0.0169560183715
931.0 0.0166029169613
932.0 0.0162566487096
933.0 0.0159170986939
934.0 0.0155841533552
935.0 0.0152577005016
936.0 0.0149376293113
937.0 0.0146238303341
938.0 0.0143161954925
939.0 0.0140146180816
940.0 0.0137189927689
941.0 0.0134292155928
942.0 0.0131451839606
943.0 0.0128667966457
944.0 0.0125939537846
945.0 0.0123265568725
946.0 0.0120645087593
947.0 0.0118077136442
948.0 0.0115560770699
949.0 0.011309505917
950.0 0.011067908397
951.0 0.0108311940452
952.0 0.0105992737135
953.0 0.0103720595622
954.0 0.0101494650515
955.0 0.00993140493356
956.0 0.00971779524247
957.0 0.00950855328553
958.0 0.00930359763333
959.0 0.00910284810973
960.0 0.00890622578166
961.0 0.00871365294853
962.0 0.00852505313146
963.0 0.00834035106232
964.0 0.00815947267246
965.0 0.00798234508133
966.0 0.00780889658489
967.0 0.00763905664383
968.0 0.00747275587171
969.0 0.00730992602286
970.0 0.00715049998024
971.0 0.00699441174316
972.0 0.00684159641486
973.0 0.00669199019007
974.0 0.00654553034244
975.0 0.0064021552119
976.0 0.00626180419202
977.0 0.00612441771727
978.0 0.00598993725021
979.0 0.00585830526876
980.0 0.00572946525336
981.0 0.00560336167414
982.0 0.00547993997809
983.0 0.00535914657626
984.0 0.0052409288309
985.0 0.00512523504274
986.0 0.00501201443813
987.0 0.00490121715637
988.0 0.00479279423702
989.0 0.00468669760717
990.0 0.00458288006893
991.0 0.0044812952868
992.0 0.00438189777524
993.0 0.0042846428862
994.0 0.0041894867968
995.0 0.00409638649704
996.0 0.00400529977756
997.0 0.00391618521757
998.0 0.00382900217277
999.0 0.00374371076345
