200.0 2.90974632756e-12
201.0 1.02438741335e-11
202.0 3.43108892077e-11
203.0 1.09475661364e-10
204.0 3.33169040193e-10
205.0 9.68281444293e-10
206.0 2.69055761826e-09
207.0 7.15626354566e-09
208.0 1.82397803327e-08
209.0 4.45979368743e-08
210.0 1.04720482685e-07
211.0 2.36383760279e-07
212.0 5.13461952052e-07
213.0 1.07430484872e-06
214.0 2.16714731727e-06
215.0 4.21884372708e-06
216.0 7.93295602043e-06
217.0 1.44210334307e-05
218.0 2.53659944714e-05
219.0 4.32083966402e-05
220.0 7.13353571967e-05
221.0 0.00011423941075
222.0 0.00017760340638
223.0 0.000268261493582
224.0 0.00039398951669
225.0 0.000563094101551
226.0 0.000783799521209
227.0 0.00106347278569
228.0 0.00140777407617
229.0 0.00181986197699
230.0 0.00229980958535
231.0 0.00284438807579
232.0 0.00344734216075
233.0 0.00410021703272
234.0 0.00479370634491
235.0 0.00551939020183
236.0 0.00627164024204
237.0 0.00704940575264
238.0 0.00785757678276
239.0 0.00870765625892
240.0 0.00961756185091
241.0 0.010610507869
242.0 0.0117130670011
243.0 0.0129526552535
244.0 0.0143547948026
245.0 0.0159405672364
246.0 0.0177246617312
247.0 0.0197143488825
248.0 0.0219095833826
249.0 0.0243042802409
250.0 0.0268886490428
251.0 0.029652339339
252.0 0.0325880736154
253.0 0.0356954387545
254.0 0.0389845755936
255.0 0.0424796377809
256.0 0.0462220610202
257.0 0.0502738577061
258.0 0.0547212913211
259.0 0.059679353272
260.0 0.0652974339052
261.0 0.0717664346976
262.0 0.0793273126166
263.0 0.0882807012192
264.0 0.0989968539856
265.0 0.11192475468
266.0 0.127598895723
267.0 0.14664199767
268.0 0.169761882898
269.0 0.197740861941
270.0 0.231416358764
271.0 0.271652083862
272.0 0.319299827617
273.0 0.375152832162
274.0 0.439892629038
275.0 0.514032110086
276.0 0.597858334663
277.0 0.691379078426
278.0 0.794277326331
279.0 0.905877760225
280.0 1.02512877769
281.0 1.15060272795
282.0 1.28051592215
283.0 1.41276865777
284.0 1.54500410165
285.0 1.6746835221
286.0 1.79917416632
287.0 1.91584514812
288.0 2.02216611988
289.0 2.11580329892
290.0 2.19470761095
291.0 2.25719027667
292.0 2.30198204427
293.0 2.32827337867
294.0 2.33573416083
295.0 2.32451272434
296.0 2.29521526531
297.0 2.24886771869
298.0 2.18686303634
299.0 2.11089738705
300.0 2.02289910802
301.0 1.92495427969
302.0 1.81923259516
303.0 1.7079167949
304.0 1.59313838807
305.0 1.47692173982
306.0 1.36113792323
307.0 1.24746906697
308.0 1.13738331463
309.0 1.03211998166
310.0 0.932684070756
311.0 0.839848995765
312.0 0.754166167576
313.0 0.675980005695
314.0 0.605446941758
315.0 0.542557059354
316.0 0.487157148681
317.0 0.438974125858
318.0 0.397637957273
319.0 0.36270342405
320.0 0.333670247969
321.0 0.310001269087
322.0 0.291138510717
323.0 0.276517086379
324.0 0.265576995143
325.0 0.257772917746
326.0 0.252582168727
327.0 0.249510983102
328.0 0.248099323796
329.0 0.247924392216
330.0 0.248603012642
331.0 0.249793044936
332.0 0.251193961955
333.0 0.252546710207
334.0 0.253632955989
335.0 0.254273805437
336.0 0.254328075876
337.0 0.253690187674
338.0 0.252287739987
339.0 0.250078830041
340.0 0.247049173213
341.0 0.24320907961
342.0 0.238590341571
343.0 0.233243085034
344.0 0.227232635736
345.0 0.220636448415
346.0 0.213541143622
347.0 0.206039692228
348.0 0.198228782496
349.0 0.190206398739
350.0 0.182069634278
351.0 0.173912755027
352.0 0.165825523567
353.0 0.157891787471
354.0 0.150188329883
355.0 0.142783975275
356.0 0.135738938881
357.0 0.129104404632
358.0 0.122922313609
359.0 0.117225342943
360.0 0.112037053764
361.0 0.107372186215
362.0 0.103237079461
363.0 0.0996301951556
364.0 0.0965427236729
365.0 0.0939592536604
366.0 0.0918584868714
367.0 0.0902139818312
368.0 0.0889949115305
369.0 0.0881668220085
370.0 0.087692380316
371.0 0.0875321019178
372.0 0.0876450490669
373.0 0.0879894930598
374.0 0.0885235345454
375.0 0.0892056772239
376.0 0.0899953513227
377.0 0.0908533842046
378.0 0.0917424163366
379.0 0.0926272616509
380.0 0.0934752120613
381.0 0.0942562865712
382.0 0.0949434260265
383.0 0.0955126351298
384.0 0.0959430738504
385.0 0.0962171008235
386.0 0.0963202717488
387.0 0.0962412961554
388.0 0.0959719562021
389.0 0.0955069914277
390.0 0.0948439535468
391.0 0.0939830355088
392.0 0.0929268790952
393.0 0.0916803653236
394.0 0.0902503918657
395.0 0.0886456415588
396.0 0.0868763459174
397.0 0.0849540473262
398.0 0.0828913633286
399.0 0.080701756123
400.0 0.0783993100516
401.0 0.0759985195132
402.0 0.073514089373
403.0 0.0709607495721
404.0 0.0683530852757
405.0 0.0657053835426
406.0 0.0630314971555
407.0 0.0603447259313
408.0 0.0576577155314
409.0 0.0549823735228
410.0 0.0523298022003
411.0 0.0497102474707
412.0 0.0471330629272
413.0 0.0446066880955
414.0 0.0421386397247
415.0 0.039735514915
416.0 0.0374030048222
417.0 0.0351459176561
418.0 0.0329682096869
419.0 0.0308730229981
420.0 0.0288627287622
421.0 0.0269389748707
422.0 0.0251027368204
423.0 0.0233543708349
424.0 0.0216936682856
425.0 0.0201199105702
426.0 0.0186319236958
427.0 0.017228131912
428.0 0.01590660983
429.0 0.0146651325535
430.0 0.0135012234362
431.0 0.0124121991599
432.0 0.0113952119023
433.0 0.0104472884366
434.0 0.00956536606331
435.0 0.00874632533451
436.0 0.00798701957675
437.0 0.00728430126398
438.0 0.00663504532575
439.0 0.00603616950649
440.0 0.00548465191535
441.0 0.00497754592454
442.0 0.00451199258756
443.0 0.00408523075783
444.0 0.00369460509348
445.0 0.00333757213556
446.0 0.00301170464591
447.0 0.00271469438695
448.0 0.00244435352001
449.0 0.00219861479131
450.0 0.00197553066574
451.0 0.00177327155909
452.0 0.00159012330891
453.0 0.00142448401326
454.0 0.00127486035589
455.0 0.00113986352518
456.0 0.00101820482373
457.0 0.000908691054716
458.0 0.000810219761554
459.0 0.000721774387484
460.0 0.000642419413145
461.0 0.000571295521706
462.0 0.000507614833511
463.0 0.000450656245196
464.0 0.00039976090183
465.0 0.000354327824914
466.0 0.000313809713928
467.0 0.000277708934572
468.0 0.000245573702859
469.0 0.000216994470742
470.0 0.000191600515953
471.0 0.000169056736222
472.0 0.000149060645851
473.0 0.000131339570899
474.0 0.000115648037746
475.0 0.000101765348699
476.0 8.94933373802e-05
477.0 7.8654296022e-05
478.0 6.90890663038e-05
479.0 6.0655285109e-05
480.0 5.32257764317e-05
481.0 4.66870806579e-05
482.0 4.09381125364e-05
483.0 3.58889393335e-05
484.0 3.14596709107e-05
485.0 2.75794537644e-05
486.0 2.41855614072e-05
487.0 2.12225738418e-05
488.0 1.86416392666e-05
489.0 1.63998115586e-05
490.0 1.44594574837e-05
491.0 1.27877279947e-05
492.0 1.13560883778e-05
493.0 1.01399024027e-05
494.0 9.11806601067e-06
495.0 8.2726864445e-06
496.0 7.58880306905e-06
497.0 7.05414646867e-06
498.0 6.65893271748e-06
499.0 6.39569001468e-06
500.0 6.25911515184e-06
501.0 6.24595753465e-06
502.0 6.35492871844e-06
503.0 6.58663563456e-06
504.0 6.94353588421e-06
505.0 7.42991365799e-06
506.0 8.05187500438e-06
507.0 8.81736131819e-06
508.0 9.73618005273e-06
509.0 1.08200517768e-05
510.0 1.20826728004e-05
511.0 1.35397926833e-05
512.0 1.52093060149e-05
513.0 1.71113579219e-05
514.0 1.92684628073e-05
515.0 2.17056358719e-05
516.0 2.44505369947e-05
517.0 2.7533626575e-05
518.0 3.09883329465e-05
519.0 3.48512309816e-05
520.0 3.91622314948e-05
521.0 4.39647810457e-05
522.0 4.93060717199e-05
523.0 5.52372604419e-05
524.0 6.18136973409e-05
525.0 6.9095162654e-05
526.0 7.71461116075e-05
527.0 8.60359266709e-05
528.0 9.58391765278e-05
529.0 0.000106635881052
530.0 0.000118511781519
531.0 0.000131558615233
532.0 0.000145874393666
533.0 0.000161563683173
534.0 0.000178737887258
535.0 0.000197515529319
536.0 0.000218022534728
537.0 0.000240392511043
538.0 0.000264767025095
539.0 0.000291295875627
540.0 0.000320137360107
541.0 0.0003514585343
542.0 0.000385435463111
543.0 0.000422253461201
544.0 0.000462107321804
545.0 0.000505201532177
546.0 0.000551750474053
547.0 0.000601978607492
548.0 0.000656120636449
549.0 0.000714421654457
550.0 0.00077713726873
551.0 0.000844533701094
552.0 0.000916887864095
553.0 0.000994487410723
554.0 0.00107763075618
555.0 0.00116662707018
556.0 0.00126179623837
557.0 0.00136346879141
558.0 0.00147198580046
559.0 0.0015876987378
560.0 0.00171096930141
561.0 0.00184216920259
562.0 0.00198167991544
563.0 0.00212989238762
564.0 0.0022872067115
565.0 0.00245403175519
566.0 0.00263078475306
567.0 0.0028178908553
568.0 0.00301578263651
569.0 0.00322489956322
570.0 0.00344568742052
571.0 0.00367859769815
572.0 0.00392408693644
573.0 0.00418261603277
574.0 0.00445464950946
575.0 0.00474065474381
576.0 0.00504110116171
577.0 0.00535645939594
578.0 0.00568720041062
579.0 0.00603379459358
580.0 0.00639671081826
581.0 0.00677641547721
582.0 0.00717337148912
583.0 0.00758803728178
584.0 0.00802086575325
585.0 0.00847230321358
586.0 0.00894278831001
587.0 0.00943275093803
588.0 0.00994261114132
589.0 0.0104727780034
590.0 0.0110236485342
591.0 0.0115956065539
592.0 0.0121890215784
593.0 0.0128042477082
594.0 0.0134416225251
595.0 0.0141014659992
596.0 0.0147840794093
597.0 0.0154897442812
598.0 0.0162187213453
599.0 0.0169712495183
600.0 0.0177475449111
601.0 0.0185477998668
602.0 0.0193721820313
603.0 0.0202208334596
604.0 0.021093869761
605.0 0.0219913792858
606.0 0.022913422356
607.0 0.0238600305428
608.0 0.0248312059938
609.0 0.0258269208112
610.0 0.0268471164839
611.0 0.0278917033757
612.0 0.028960560271
613.0 0.0300535339795
614.0 0.0311704390025
615.0 0.0323110572609
616.0 0.0334751378868
617.0 0.0346623970795
618.0 0.035872518027
619.0 0.0371051508931
620.0 0.0383599128708
621.0 0.039636388302
622.0 0.0409341288644
623.0 0.0422526538239
624.0 0.0435914503539
625.0 0.0449499739195
626.0 0.0463276487265
627.0 0.0477238682351
628.0 0.0491379957351
629.0 0.0505693649837
630.0 0.0520172809032
631.0 0.053481020337
632.0 0.0549598328628
633.0 0.0564529416604
634.0 0.0579595444326
635.0 0.0594788143771
636.0 0.0610099012064
637.0 0.0625519322142
638.0 0.0641040133854
639.0 0.0656652305465
640.0 0.0672346505554
641.0 0.0688113225257
642.0 0.0703942790838
643.0 0.0719825376567
644.0 0.0735751017855
645.0 0.0751709624632
646.0 0.0767690994937
647.0 0.0783684828676
648.0 0.0799680741535
649.0 0.0815668279007
650.0 0.0831636930503
651.0 0.0847576143517
652.0 0.0863475337822
653.0 0.0879323919651
654.0 0.0895111295852
655.0 0.0910826887975
656.0 0.0926460146266
657.0 0.0942000563541
658.0 0.0957437688918
659.0 0.0972761141363
660.0 0.0987960623047
661.0 0.100302593247
662.0 0.101794697736
663.0 0.103271378724
664.0 0.104731652579
665.0 0.106174550282
666.0 0.107599118595
667.0 0.109004421189
668.0 0.110389539743
669.0 0.111753575
670.0 0.113095647775
671.0 0.114414899938
672.0 0.115710495339
673.0 0.1169816207
674.0 0.118227486451
675.0 0.11944732753
676.0 0.120640404133
677.0 0.121806002413
678.0 0.122943435134
679.0 0.12405204228
680.0 0.125131191608
681.0 0.126180279157
682.0 0.127198729708
683.0 0.12818599719
684.0 0.129141565046
685.0 0.130064946542
686.0 0.13095568503
687.0 0.131813354166
688.0 0.132637558078
689.0 0.133427931488
690.0 0.134184139784
691.0 0.134905879057
692.0 0.135592876079
693.0 0.136244888251
694.0 0.136861703498
695.0 0.137443140131
696.0 0.137989046661
697.0 0.138499301577
698.0 0.138973813089
699.0 0.139412518829
700.0 0.139815385516
701.0 0.140182408597
702.0 0.140513611837
703.0 0.140809046898
704.0 0.141068792873
705.0 0.141292955795
706.0 0.141481668127
707.0 0.141635088212
708.0 0.141753399713
709.0 0.141836811022
710.0 0.141885554648
711.0 0.141899886592
712.0 0.141880085694
713.0 0.141826452974
714.0 0.141739310949
715.0 0.141619002939
716.0 0.141465892366
717.0 0.141280362033
718.0 0.141062813402
719.0 0.140813665856
720.0 0.140533355963
721.0 0.140222336726
722.0 0.139881076837
723.0 0.139510059919
724.0 0.139109783778
725.0 0.138680759643
726.0 0.138223511413
727.0 0.137738574906
728.0 0.13722649711
729.0 0.136687835437
730.0 0.13612315698
731.0 0.135533037785
732.0 0.134918062119
733.0 0.13427882175
734.0 0.133615915238
735.0 0.132929947235
736.0 0.13222152779
737.0 0.131491271669
738.0 0.13073979769
739.0 0.12996772806
740.0 0.129175687738
741.0 0.128364303798
742.0 0.127534204815
743.0 0.126686020263
744.0 0.125820379927
745.0 0.124937913328
746.0 0.124039249168
747.0 0.123125014787
748.0 0.122195835639
749.0 0.12125233478
750.0 0.120295132379
751.0 0.119324845237
752.0 0.118342086334
753.0 0.117347464378
754.0 0.116341583386
755.0 0.115325042275
756.0 0.114298434465
757.0 0.113262347512
758.0 0.112217362742
759.0 0.111164054918
760.0 0.11010299191
761.0 0.109034734392
762.0 0.107959835547
763.0 0.106878840797
764.0 0.10579228754
765.0 0.104700704913
766.0 0.103604613561
767.0 0.102504525428
768.0 0.101400943564
769.0 0.10029436194
770.0 0.0991852652851
771.0 0.0980741289345
772.0 0.0969614186935
773.0 0.0958475907139
774.0 0.0947330913845
775.0 0.0936183572353
776.0 0.0925038148543
777.0 0.0913898808167
778.0 0.0902769616269
779.0 0.0891654536719
780.0 0.0880557431866
781.0 0.0869482062299
782.0 0.0858432086725
783.0 0.0847411061937
784.0 0.0836422442902
785.0 0.0825469582928
786.0 0.081455573394
787.0 0.0803684046835
788.0 0.0792857571931
789.0 0.0782079259498
790.0 0.0771351960363
791.0 0.0760678426599
792.0 0.0750061312282
793.0 0.0739503174315
794.0 0.0729006473323
795.0 0.0718573574607
796.0 0.0708206749156
797.0 0.0697908174716
798.0 0.0687679936912
799.0 0.067752403042
800.0 0.0667442360177
801.0 0.0657436742647
802.0 0.0647508907116
803.0 0.0637660497032
804.0 0.0627893071371
805.0 0.0618208106041
806.0 0.0608606995315
807.0 0.0599091053283
808.0 0.0589661515334
809.0 0.0580319539659
810.0 0.0571066208768
811.0 0.0561902531026
812.0 0.0552829442204
813.0 0.0543847807039
814.0 0.0534958420806
815.0 0.0526162010896
816.0 0.0517459238399
817.0 0.0508850699695
818.0 0.0500336928038
819.0 0.0491918395152
820.0 0.0483595512814
821.0 0.0475368634439
822.0 0.0467238056664
823.0 0.0459204020918
824.0 0.0451266714988
825.0 0.0443426274576
826.0 0.043568278485
827.0 0.0428036281972
828.0 0.0420486754625
829.0 0.0413034145524
830.0 0.0405678352905
831.0 0.0398419232006
832.0 0.0391256596531
833.0 0.0384190220091
834.0 0.0377219837632
835.0 0.0370345146845
836.0 0.0363565809549
837.0 0.0356881453063
838.0 0.0350291671551
839.0 0.0343796027349
840.0 0.0337394052268
841.0 0.0331085248874
842.0 0.0324869091751
843.0 0.0318745028736
844.0 0.0312712482129
845.0 0.0306770849886
846.0 0.0300919506783
847.0 0.029515780556
848.0 0.0289485078036
849.0 0.0283900636204
850.0 0.0278403773301
851.0 0.027299376485
852.0 0.0267669869687
853.0 0.0262431330949
854.0 0.0257277377055
855.0 0.0252207222646
856.0 0.0247220069514
857.0 0.0242315107499
858.0 0.0237491515363
859.0 0.0232748461649
860.0 0.0228085105499
861.0 0.0223500597468
862.0 0.0218994080301
863.0 0.021456468969
864.0 0.0210211555014
865.0 0.0205933800051
866.0 0.0201730543666
867.0 0.0197600900484
868.0 0.0193543981534
869.0 0.0189558894879
870.0 0.0185644746214
871.0 0.0181800639458
872.0 0.0178025677312
873.0 0.0174318961804
874.0 0.0170679594812
875.0 0.0167106678572
876.0 0.0163599316155
877.0 0.0160156611943
878.0 0.0156777672069
879.0 0.0153461604852
880.0 0.0150207521207
881.0 0.0147014535039
882.0 0.0143881763624
883.0 0.0140808327969
884.0 0.0137793353157
885.0 0.0134835968676
886.0 0.0131935308734
887.0 0.0129090512559
888.0 0.0126300724681
889.0 0.0123565095202
890.0 0.0120882780056
891.0 0.0118252941244
892.0 0.0115674747071
893.0 0.0113147372354
894.0 0.0110669998634
895.0 0.010824181436
896.0 0.0105862015073
897.0 0.0103529803574
898.0 0.0101244390076
899.0 0.00990049923554
900.0 0.00968108358856
901.0 0.00946611539612
902.0 0.00925551878143
903.0 0.009049218672
904.0 0.00884714080933
905.0 0.00864921175765
906.0 0.00845535891179
907.0 0.0082655105043
908.0 0.00807959561167
909.0 0.00789754415983
910.0 0.00771928692885
911.0 0.00754475555701
912.0 0.00737388254404
913.0 0.00720660125384
914.0 0.00704284591644
915.0 0.0068825516294
916.0 0.00672565435859
917.0 0.00657209093847
918.0 0.00642179907167
919.0 0.00627471732824
920.0 0.00613078514426
921.0 0.00598994282004
922.0 0.0058521315178
923.0 0.005717293259
924.0 0.0055853709212
925.0 0.00545630823451
926.0 0.00533004977768
927.0 0.00520654097389
928.0 0.00508572808607
929.0 0.00496755821202
930.0 0.00485197927917
931.0 0.00473894003905
932.0 0.00462839006147
933.0 0.00452027972852
934.0 0.0044145602282
935.0 0.00431118354798
936.0 0.00421010246797
937.0 0.00411127055407
938.0 0.00401464215077
939.0 0.0039201723739
940.0 0.00382781710313
941.0 0.0037375329744
942.0 0.00364927737216
943.0 0.00356300842148
944.0 0.00347868498006
945.0 0.00339626663017
946.0 0.00331571367042
947.0 0.00323698710751
948.0 0.00316004864786
949.0 0.00308486068921
950.0 0.00301138631214
951.0 0.00293958927152
952.0 0.00286943398795
953.0 0.00280088553919
954.0 0.00273390965147
955.0 0.00266847269087
956.0 0.00260454165466
957.0 0.00254208416261
958.0 0.00248106844831
959.0 0.0024214633505
960.0 0.00236323830444
961.0 0.00230636333323
962.0 0.00225080903919
963.0 0.00219654659527
964.0 0.00214354773649
965.0 0.00209178475138
966.0 0.0020412304735
967.0 0.00199185827299
968.0 0.00194364204816
969.0 0.00189655621712
970.0 0.00185057570949
971.0 0.00180567595813
972.0 0.001761832891
973.0 0.00171902292296
974.0 0.00167722294777
975.0 0.00163641033008
976.0 0.00159656289747
977.0 0.00155765893263
978.0 0.00151967716557
979.0 0.00148259676589
980.0 0.00144639733521
981.0 0.00141105889953
982.0 0.00137656190184
983.0 0.00134288719468
984.0 0.00131001603286
985.0 0.00127793006621
986.0 0.00124661133245
987.0 0.00121604225014
988.0 0.00118620561171
989.0 0.00115708457658
990.0 0.00112866266433
991.0 0.00110092374805
992.0 0.00107385204768
993.0 0.00104743212348
994.0 0.0010216488696
995.0 0.000996487507727
996.0 0.000971933580804
997.0 0.000947972946869
998.0 0.000924591772958
999.0 0.000901776529112
