200.0 2.83071025879e-58
201.0 6.29667979969e-57
202.0 1.30830854918e-55
203.0 2.54312849359e-54
204.0 4.63175108971e-53
205.0 7.91557999008e-52
206.0 1.27117653847e-50
207.0 1.92098167096e-49
208.0 2.73544240844e-48
209.0 3.67532996558e-47
210.0 4.66543337664e-46
211.0 5.60225110806e-45
212.0 6.3715055309e-44
213.0 6.87148883052e-43
214.0 7.03551785512e-42
215.0 6.84655447478e-41
216.0 6.33958337647e-40
217.0 5.59154479501e-39
218.0 4.70265794651e-38
219.0 3.7752187262e-37
220.0 2.89576673238e-36
221.0 2.12438188466e-35
222.0 1.49198187993e-34
223.0 1.00406236663e-33
224.0 6.48064733415e-33
225.0 4.01533181413e-32
226.0 2.39026099452e-31
227.0 1.36822169187e-30
228.0 7.53724287166e-30
229.0 3.99910229031e-29
230.0 2.04525392894e-28
231.0 1.00901899887e-27
232.0 4.80555591844e-27
233.0 2.21104334342e-26
234.0 9.83489911467e-26
235.0 4.23217926935e-25
236.0 1.76309254927e-24
237.0 7.11527406067e-24
238.0 2.78352746249e-23
239.0 1.05623885138e-22
240.0 3.89009841888e-22
241.0 1.39140572144e-21
242.0 4.83613768525e-21
243.0 1.63435465463e-20
244.0 5.37331310535e-20
245.0 1.71959462085e-19
246.0 5.35960271862e-19
247.0 1.62776223545e-18
248.0 4.81975913421e-18
249.0 1.39205010623e-17
250.0 3.92368275344e-17
251.0 1.07982152641e-16
252.0 2.90291380661e-16
253.0 7.62677376531e-16
254.0 1.95915264082e-15
255.0 4.92275509349e-15
256.0 1.21045440588e-14
257.0 2.91388588642e-14
258.0 6.87005544492e-14
259.0 1.58703822678e-13
260.0 3.59356963788e-13
261.0 7.97893080543e-13
262.0 1.73783339441e-12
263.0 3.71430658055e-12
264.0 7.79312225838e-12
265.0 1.60569852455e-11
266.0 3.2500250722e-11
267.0 6.46439441928e-11
268.0 1.26395781493e-10
269.0 2.43020587259e-10
270.0 4.59619584565e-10
271.0 8.55333164883e-10
272.0 1.56670409254e-09
273.0 2.82542865814e-09
274.0 5.01828785602e-09
275.0 8.78064050952e-09
276.0 1.5139768428e-08
277.0 2.57309128996e-08
278.0 4.31173613211e-08
279.0 7.1256730911e-08
280.0 1.1616886725e-07
281.0 1.86876588175e-07
282.0 2.96708677352e-07
283.0 4.65074549317e-07
284.0 7.19840916586e-07
285.0 1.10046111385e-06
286.0 1.66202541215e-06
287.0 2.48041301985e-06
288.0 3.6587302893e-06
289.0 5.33521126476e-06
290.0 7.69273223903e-06
291.0 1.09700476548e-05
292.0 1.54747872248e-05
293.0 2.15981612747e-05
294.0 2.98312022749e-05
295.0 4.07822265641e-05
296.0 5.51950351011e-05
297.0 7.3967192166e-05
298.0 9.81675355948e-05
299.0 0.000129051893414
300.0 0.000168075823928
301.0 0.000216903075226
302.0 0.00027740839204
303.0 0.000351673298413
304.0 0.000441973567148
305.0 0.000550757261233
306.0 0.000680612503317
307.0 0.000834224495604
308.0 0.00101432176641
309.0 0.00122361214633
310.0 0.00146470955457
311.0 0.00174005327814
312.0 0.00205182201972
313.0 0.00240184554236
314.0 0.00279151721315
315.0 0.00322171111337
316.0 0.00369270760902
317.0 0.00420413134174
318.0 0.00475490549148
319.0 0.00534322587349
320.0 0.00596655796834
321.0 0.00662165935813
322.0 0.0073046292782
323.0 0.00801098612118
324.0 0.00873577278451
325.0 0.00947368877263
326.0 0.0102192469906
327.0 0.010966952235
328.0 0.0117114975364
329.0 0.0124479737646
330.0 0.0131720873007
331.0 0.0138803801181
332.0 0.0145704463212
333.0 0.0152411390557
334.0 0.0158927617346
335.0 0.01652723771
336.0 0.0171482528505
337.0 0.017761365947
338.0 0.0183740824439
339.0 0.0189958876783
340.0 0.0196382365699
341.0 0.0203144975501
342.0 0.0210398494121
343.0 0.0218311307137
344.0 0.0227066423438
345.0 0.0236859048649
346.0 0.024789373256
347.0 0.0260381126821
348.0 0.0274534398979
349.0 0.0290565358266
350.0 0.0308680357281
351.0 0.0329076041545
352.0 0.0351935025618
353.0 0.0377421579811
354.0 0.0405677415315
355.0 0.0436817657454
356.0 0.0470927096749
357.0 0.0508056805247
358.0 0.0548221201182
359.0 0.0591395638394
360.0 0.0637514588112
361.0 0.0686470469939
362.0 0.0738113176225
363.0 0.0792250319885
364.0 0.0848648220457
365.0 0.0907033627104
366.0 0.0967096160931
367.0 0.102849144276
368.0 0.109084485689
369.0 0.115375588693
370.0 0.121680294655
371.0 0.127954861719
372.0 0.134154519535
373.0 0.140234044599
374.0 0.146148345421
375.0 0.151853046656
376.0 0.157305061416
377.0 0.162463141438
378.0 0.167288395382
379.0 0.171744766396
380.0 0.175799461144
381.0 0.179423323679
382.0 0.182591148854
383.0 0.185281931379
384.0 0.187479048023
385.0 0.189170371933
386.0 0.190348319395
387.0 0.191009830713
388.0 0.19115628806
389.0 0.190793374294
390.0 0.189930877628
391.0 0.188582447866
392.0 0.1867653105
393.0 0.184499945419
394.0 0.18180973725
395.0 0.178720604432
396.0 0.175260614095
397.0 0.171459589586
398.0 0.167348717183
399.0 0.162960158075
400.0 0.158326671183
401.0 0.153481251765
402.0 0.148456790139
403.0 0.14328575412
404.0 0.137999898131
405.0 0.132630001199
406.0 0.127205635412
407.0 0.121754965741
408.0 0.116304581539
409.0 0.110879359482
410.0 0.105502357211
411.0 0.100194736504
412.0 0.0949757144498
413.0 0.0898625407721
414.0 0.0848704992386
415.0 0.0800129308941
416.0 0.0753012767513
417.0 0.0707451375084
418.0 0.0663523478499
419.0 0.0621290629209
420.0 0.058079854635
421.0 0.0542078155806
422.0 0.0505146684172
423.0 0.0470008788083
424.0 0.0436657701013
425.0 0.0405076381394
426.0 0.0375238647786
427.0 0.0347110288591
428.0 0.0320650135687
429.0 0.0295811093095
430.0 0.0272541113462
431.0 0.0250784116798
432.0 0.0230480847298
433.0 0.0211569665517
434.0 0.0193987274335
435.0 0.0177669378247
436.0 0.0162551276489
437.0 0.0148568391287
438.0 0.0135656733252
439.0 0.0123753306461
440.0 0.0112796456256
441.0 0.0102726163116
442.0 0.00934842862079
443.0 0.00850147603753
444.0 0.00772637504374
445.0 0.00701797666435
446.0 0.00637137451195
447.0 0.00578190970416
448.0 0.005245173014
449.0 0.00475700459812
450.0 0.00431349162842
451.0 0.00391096413286
452.0 0.00354598932907
453.0 0.00321536471256
454.0 0.00291611013855
455.0 0.00264545911414
456.0 0.00240084949559
457.0 0.0021799137643
458.0 0.00198046903479
459.0 0.00180050692858
460.0 0.00163818343018
461.0 0.00149180882424
462.0 0.00135983779764
463.0 0.00124085977611
464.0 0.00113358955218
465.0 0.00103685824946
466.0 0.00094960465812
467.0 0.000870866967415
468.0 0.000799774912579
469.0 0.000735542347003
470.0 0.000677460244195
471.0 0.000624890129061
472.0 0.000577257933736
473.0 0.000534048269584
474.0 0.000494799104142
475.0 0.000459096829448
476.0 0.000426571706436
477.0 0.000396893668784
478.0 0.00036976846866
479.0 0.000344934146303
480.0 0.000322157805078
481.0 0.000301232673661
482.0 0.00028197543721
483.0 0.000264223819755
484.0 0.000247834400559
485.0 0.000232680647822
486.0 0.00021865115384
487.0 0.000205648056467
488.0 0.00019358563258
489.0 0.000182389050073
490.0 0.000171993265761
491.0 0.000162342057435
492.0 0.000153387179157
493.0 0.000145087629693
494.0 0.000137409024799
495.0 0.000130323064841
496.0 0.000123807089956
497.0 0.00011784371567
498.0 0.000112420542546
499.0 0.000107529934035
500.0 0.000103168857316
501.0 9.9338782389e-05
502.0 9.60456352335e-05
503.0 9.32998012477e-05
504.0 9.11161756195e-05
505.0 8.95142576367e-05
506.0 8.8518286276e-05
507.0 8.81574147034e-05
508.0 8.84659215726e-05
509.0 8.94834572314e-05
510.0 9.12553231321e-05
511.0 9.38327829002e-05
512.0 9.7273403641e-05
513.0 0.000101641426162
514.0 0.000107008162862
515.0 0.000113452422075
516.0 0.000121060957693
517.0 0.000129928942878
518.0 0.000140160466656
519.0 0.000151869052151
520.0 0.000165178195145
521.0 0.000180221921596
522.0 0.00019714536263
523.0 0.000216105345446
524.0 0.000237270998447
525.0 0.000260824368784
526.0 0.000286961050373
527.0 0.000315890820307
528.0 0.000347838281441
529.0 0.000383043508775
530.0 0.000421762697116
531.0 0.000464268807354
532.0 0.000510852208528
533.0 0.000561821312727
534.0 0.000617503199716
535.0 0.000678244228057
536.0 0.000744410629358
537.0 0.000816389082167
538.0 0.000894587261927
539.0 0.000979434363314
540.0 0.00107138159118
541.0 0.0011709026163
542.0 0.001278493992
543.0 0.00139467552781
544.0 0.00151999061616
545.0 0.00165500650824
546.0 0.0018003145351
547.0 0.00195653027014
548.0 0.00212429362924
549.0 0.00230426890472
550.0 0.00249714472974
551.0 0.00270363396947
552.0 0.00292447353587
553.0 0.00316042412291
554.0 0.00341226985933
555.0 0.00368081787617
556.0 0.00396689778671
557.0 0.00427136107653
558.0 0.0045950804019
559.0 0.00493894879469
560.0 0.00530387877268
561.0 0.00569080135428
562.0 0.00610066497694
563.0 0.00653443431911
564.0 0.00699308902587
565.0 0.0074776223387
566.0 0.00798903963024
567.0 0.00852835684553
568.0 0.00909659885125
569.0 0.00969479769515
570.0 0.0103239907782
571.0 0.0109852189424
572.0 0.0116795244776
573.0 0.0124079490508
574.0 0.0131715315627
575.0 0.0139713059349
576.0 0.0148082988342
577.0 0.0156835273375
578.0 0.0165979965437
579.0 0.0175526971391
580.0 0.0185486029214
581.0 0.0195866682885
582.0 0.0206678257008
583.0 0.0217929831216
584.0 0.0229630214442
585.0 0.0241787919125
586.0 0.0254411135427
587.0 0.0267507705538
588.0 0.0281085098143
589.0 0.0295150383136
590.0 0.0309710206647
591.0 0.0324770766475
592.0 0.0340337787988
593.0 0.0356416500588
594.0 0.0373011614794
595.0 0.0390127300039
596.0 0.040776716324
597.0 0.0425934228223
598.0 0.0444630916067
599.0 0.0463859026435
600.0 0.048361971996
601.0 0.0503913501744
602.0 0.0524740206035
603.0 0.054609898213
604.0 0.0567988281562
605.0 0.0590405846613
606.0 0.061334870021
607.0 0.0636813137226
608.0 0.0660794717237
609.0 0.0685288258762
610.0 0.071028783501
611.0 0.0735786771156
612.0 0.0761777643178
613.0 0.0788252278242
614.0 0.0815201756672
615.0 0.0842616415487
616.0 0.0870485853512
617.0 0.0898798938067
618.0 0.0927543813201
619.0 0.0956707909478
620.0 0.0986277955285
621.0 0.101623998964
622.0 0.104657937645
623.0 0.107728082027
624.0 0.110832838338
625.0 0.113970550428
626.0 0.117139501749
627.0 0.120337917461
628.0 0.123563966661
629.0 0.12681576473
630.0 0.130091375783
631.0 0.133388815237
632.0 0.136706052462
633.0 0.140041013539
634.0 0.143391584091
635.0 0.146755612201
636.0 0.150130911394
637.0 0.153515263694
638.0 0.156906422723
639.0 0.160302116865
640.0 0.163700052462
641.0 0.167097917051
642.0 0.170493382622
643.0 0.173884108903
644.0 0.177267746653
645.0 0.180641940961
646.0 0.184004334547
647.0 0.187352571047
648.0 0.190684298285
649.0 0.193997171528
650.0 0.197288856698
651.0 0.20055703356
652.0 0.203799398859
653.0 0.207013669415
654.0 0.210197585152
655.0 0.213348912083
656.0 0.216465445211
657.0 0.219545011369
658.0 0.222585471981
659.0 0.225584725742
660.0 0.228540711212
661.0 0.231451409319
662.0 0.234314845771
663.0 0.237129093367
664.0 0.239892274212
665.0 0.242602561824
666.0 0.245258183139
667.0 0.247857420403
668.0 0.250398612957
669.0 0.25288015891
670.0 0.255300516693
671.0 0.257658206503
672.0 0.259951811633
673.0 0.262179979676
674.0 0.264341423622
675.0 0.266434922837
676.0 0.268459323916
677.0 0.270413541433
678.0 0.272296558567
679.0 0.274107427615
680.0 0.275845270393
681.0 0.277509278527
682.0 0.279098713629
683.0 0.280612907366
684.0 0.282051261429
685.0 0.283413247389
686.0 0.284698406455
687.0 0.285906349136
688.0 0.287036754799
689.0 0.288089371142
690.0 0.289064013572
691.0 0.289960564492
692.0 0.290778972513
693.0 0.291519251573
694.0 0.29218147999
695.0 0.292765799431
696.0 0.293272413816
697.0 0.293701588154
698.0 0.294053647314
699.0 0.294328974733
700.0 0.294528011076
701.0 0.294651252833
702.0 0.294699250878
703.0 0.29467260897
704.0 0.294571982223
705.0 0.29439807553
706.0 0.29415164196
707.0 0.293833481116
708.0 0.293444437473
709.0 0.292985398683
710.0 0.292457293868
711.0 0.291861091892
712.0 0.291197799618
713.0 0.290468460153
714.0 0.289674151091
715.0 0.288815982747
716.0 0.287895096384
717.0 0.286912662457
718.0 0.285869878841
719.0 0.28476796908
720.0 0.283608180641
721.0 0.282391783176
722.0 0.281120066804
723.0 0.279794340403
724.0 0.278415929928
725.0 0.276986176741
726.0 0.275506435971
727.0 0.27397807489
728.0 0.272402471329
729.0 0.270781012104
730.0 0.269115091484
731.0 0.267406109688
732.0 0.265655471407
733.0 0.263864584368
734.0 0.262034857929
735.0 0.260167701706
736.0 0.258264524242
737.0 0.25632673171
738.0 0.254355726655
739.0 0.252352906775
740.0 0.250319663738
741.0 0.248257382046
742.0 0.24616743793
743.0 0.244051198289
744.0 0.241910019676
745.0 0.239745247313
746.0 0.237558214157
747.0 0.23535024
748.0 0.233122630612
749.0 0.23087667693
750.0 0.228613654277
751.0 0.226334821629
752.0 0.22404142092
753.0 0.221734676387
754.0 0.21941579395
755.0 0.217085960639
756.0 0.214746344049
757.0 0.212398091842
758.0 0.21004233128
759.0 0.207680168796
760.0 0.205312689601
761.0 0.202940957327
762.0 0.200566013703
763.0 0.198188878262
764.0 0.195810548091
765.0 0.193431997596
766.0 0.191054178315
767.0 0.188678018753
768.0 0.186304424246
769.0 0.183934276854
770.0 0.181568435289
771.0 0.179207734858
772.0 0.176852987442
773.0 0.174504981494
774.0 0.172164482063
775.0 0.169832230845
776.0 0.167508946251
777.0 0.165195323499
778.0 0.162892034725
779.0 0.160599729118
780.0 0.158319033071
781.0 0.156050550347
782.0 0.153794862267
783.0 0.151552527916
784.0 0.149324084354
785.0 0.147110046857
786.0 0.144910909155
787.0 0.142727143699
788.0 0.140559201928
789.0 0.138407514555
790.0 0.136272491858
791.0 0.134154523985
792.0 0.13205398127
793.0 0.12997121455
794.0 0.127906555495
795.0 0.125860316947
796.0 0.12383279326
797.0 0.121824260652
798.0 0.119834977553
799.0 0.11786518497
800.0 0.115915106844
801.0 0.113984950421
802.0 0.112074906613
803.0 0.110185150379
804.0 0.108315841088
805.0 0.106467122901
806.0 0.104639125141
807.0 0.10283196267
808.0 0.101045736266
809.0 0.0992805329964
810.0 0.0975364265913
811.0 0.095813477819
812.0 0.0941117348554
813.0 0.0924312336546
814.0 0.0907719983152
815.0 0.0891340414457
816.0 0.087517364526
817.0 0.0859219582659
818.0 0.0843478029608
819.0 0.0827948688429
820.0 0.0812631164289
821.0 0.079752496864
822.0 0.0782629522608
823.0 0.0767944160347
824.0 0.0753468132332
825.0 0.0739200608622
826.0 0.0725140682056
827.0 0.071128737141
828.0 0.0697639624495
829.0 0.0684196321206
830.0 0.067095627651
831.0 0.0657918243388
832.0 0.0645080915713
833.0 0.0632442931071
834.0 0.0620002873535
835.0 0.0607759276366
836.0 0.0595710624667
837.0 0.0583855357973
838.0 0.0572191872785
839.0 0.0560718525042
840.0 0.0549433632538
841.0 0.0538335477274
842.0 0.0527422307758
843.0 0.051669234124
844.0 0.0506143765892
845.0 0.0495774742928
846.0 0.0485583408667
847.0 0.0475567876538
848.0 0.0465726239024
849.0 0.0456056569558
850.0 0.0446556924351
851.0 0.0437225344178
852.0 0.0428059856091
853.0 0.0419058475098
854.0 0.041021920577
855.0 0.0401540043806
856.0 0.0393018977542
857.0 0.0384653989407
858.0 0.037644305733
859.0 0.0368384156097
860.0 0.0360475258656
861.0 0.0352714337375
862.0 0.0345099365255
863.0 0.0337628317094
864.0 0.0330299170602
865.0 0.0323109907474
866.0 0.0316058514423
867.0 0.030914298416
868.0 0.0302361316343
869.0 0.0295711518472
870.0 0.0289191606756
871.0 0.0282799606933
872.0 0.0276533555052
873.0 0.0270391498219
874.0 0.0264371495305
875.0 0.0258471617621
876.0 0.0252689949553
877.0 0.0247024589167
878.0 0.0241473648779
879.0 0.0236035255493
880.0 0.023070755171
881.0 0.0225488695599
882.0 0.022037686155
883.0 0.0215370240589
884.0 0.0210467040767
885.0 0.0205665487524
886.0 0.0200963824027
887.0 0.0196360311479
888.0 0.0191853229408
889.0 0.0187440875929
890.0 0.0183121567983
891.0 0.0178893641555
892.0 0.0174755451872
893.0 0.0170705373576
894.0 0.0166741800882
895.0 0.0162863147711
896.0 0.0159067847812
897.0 0.0155354354857
898.0 0.0151721142527
899.0 0.0148166704576
900.0 0.0144689554882
901.0 0.0141288227482
902.0 0.0137961276592
903.0 0.0134707276613
904.0 0.0131524822125
905.0 0.0128412527864
906.0 0.0125369028693
907.0 0.0122392979555
908.0 0.011948305542
909.0 0.0116637951218
910.0 0.0113856381762
911.0 0.0111137081664
912.0 0.0108478805239
913.0 0.0105880326399
914.0 0.0103340438546
915.0 0.0100857954447
916.0 0.00984317061084
917.0 0.0096060544644
918.0 0.00937433401307
919.0 0.00914789814631
920.0 0.00892663762003
921.0 0.00871044504074
922.0 0.00849921484921
923.0 0.00829284330361
924.0 0.00809122846231
925.0 0.00789427016612
926.0 0.00770187002027
927.0 0.00751393137602
928.0 0.00733035931186
929.0 0.00715106061454
930.0 0.00697594375976
931.0 0.00680491889263
932.0 0.0066378978079
933.0 0.00647479393004
934.0 0.00631552229311
935.0 0.0061599995205
936.0 0.00600814380453
937.0 0.00585987488596
938.0 0.00571511403338
939.0 0.00557378402259
940.0 0.00543580911586
941.0 0.00530111504122
942.0 0.00516962897165
943.0 0.00504127950437
944.0 0.00491599664006
945.0 0.00479371176215
946.0 0.00467435761611
947.0 0.00455786828887
948.0 0.00444417918819
949.0 0.0043332270222
950.0 0.00422494977902
951.0 0.00411928670641
952.0 0.00401617829159
953.0 0.00391556624117
954.0 0.00381739346118
955.0 0.00372160403725
956.0 0.00362814321492
957.0 0.00353695738013
958.0 0.00344799403982
959.0 0.00336120180273
960.0 0.00327653036034
961.0 0.00319393046802
962.0 0.0031133539263
963.0 0.00303475356239
964.0 0.00295808321186
965.0 0.00288329770045
966.0 0.00281035282621
967.0 0.00273920534173
968.0 0.00266981293661
969.0 0.00260213422009
970.0 0.00253612870401
971.0 0.00247175678583
972.0 0.00240897973195
973.0 0.00234775966123
974.0 0.00228805952871
975.0 0.00222984310956
976.0 0.00217307498322
977.0 0.0021177205178
978.0 0.00206374585469
979.0 0.00201111789333
980.0 0.00195980427628
981.0 0.00190977337447
982.0 0.00186099427267
983.0 0.00181343675516
984.0 0.00176707129169
985.0 0.00172186902354
986.0 0.00167780174995
987.0 0.00163484191458
988.0 0.00159296259238
989.0 0.00155213747652
990.0 0.0015123408656
991.0 0.00147354765109
992.0 0.00143573330495
993.0 0.00139887386743
994.0 0.00136294593515
995.0 0.00132792664933
996.0 0.00129379368422
997.0 0.0012605252358
998.0 0.00122810001059
999.0 0.00119649721472
